shoe_name,release_date,size,avg_price_tw_b,total_volume_tw_b,avg_price_ow_b,total_volume_ow_b,avg_price_rs,total_volume_rs,avg_price_ow_a,total_volume_ow_a,avg_price_tw_a,total_volume_tw_a,avg_price_om_a,total_volume_om_a,avg_price_tm_a,total_volume_tm_a,avg_price_sm_a,total_volume_sm_a
Jordan 1 Retro High Dark Mocha,2020-10-31,3.5,0.0,1,0.0,1,0.0,1,0.0,1,0.0,1,0.0,1,0.0,1,515.5666666666667,330
Jordan 1 Retro High Dark Mocha,2020-10-31,4,0.0,1,0.0,1,0.0,1,0.0,1,0.0,1,368.6923076923077,13,420.1756756756757,74,513.2013651877133,293
Jordan 1 Retro High Dark Mocha,2020-10-31,4.5,0.0,1,0.0,1,0.0,1,0.0,1,0.0,1,404.92857142857144,14,431.05479452054794,73,533.4300341296928,293
Jordan 1 Retro High Dark Mocha,2020-10-31,5,0.0,1,0.0,1,0.0,1,0.0,1,0.0,1,400.75,12,441.7027027027027,74,540.3163265306123,294
Jordan 1 Retro High Dark Mocha,2020-10-31,5.5,0.0,1,0.0,1,0.0,1,0.0,1,0.0,1,405.3333333333333,15,457.47945205479454,73,568.8976109215017,293
Jordan 1 Retro High Dark Mocha,2020-10-31,6,0.0,1,0.0,1,0.0,1,0.0,1,0.0,1,395.6923076923077,13,474.3378378378378,74,581.5460750853242,293
Jordan 1 Retro High Dark Mocha,2020-10-31,6.5,0.0,1,0.0,1,0.0,1,0.0,1,0.0,1,432.26666666666665,15,499.35616438356163,73,640.037542662116,293
Jordan 1 Retro High Dark Mocha,2020-10-31,7,0.0,1,424.8333333333333,6,465.0,2,443.25,28,509.64285714285717,14,446.7647058823529,34,469.031746031746,63,557.0278884462151,251
Jordan 1 Retro High Dark Mocha,2020-10-31,7.5,499.0,4,485.46666666666664,15,430.0,2,410.7307692307692,26,434.93333333333334,15,391.5,32,430.1311475409836,61,509.52244897959184,245
Jordan 1 Retro High Dark Mocha,2020-10-31,8,518.695652173913,46,440.53846153846155,13,369.0,2,376.3333333333333,24,385.85714285714283,14,375.7241379310345,29,410.6607142857143,56,485.92,225
Jordan 1 Retro High Dark Mocha,2020-10-31,8.5,469.05,20,441.2857142857143,14,382.5,2,379.7307692307692,26,381.92857142857144,14,373.741935483871,31,411.3898305084746,59,477.9198312236287,237
Jordan 1 Retro High Dark Mocha,2020-10-31,9,492.84615384615387,26,429.2142857142857,14,360.5,2,373.92,25,379.35714285714283,14,374.06451612903226,31,409.2758620689655,58,478.20425531914896,235
Jordan 1 Retro High Dark Mocha,2020-10-31,9.5,543.34375,32,418.5,14,367.5,2,370.96,25,375.61538461538464,13,377.8709677419355,31,413.13793103448273,58,482.57575757575756,231
Jordan 1 Retro High Dark Mocha,2020-10-31,10,543.8484848484849,33,417.92857142857144,14,359.0,2,353.8,25,364.46153846153845,13,375.61290322580646,31,407.5438596491228,57,475.8917748917749,231
Jordan 1 Retro High Dark Mocha,2020-10-31,10.5,487.74074074074076,27,400.07142857142856,14,352.0,2,337.16,25,354.2142857142857,14,367.7096774193548,31,403.1551724137931,58,470.2649572649573,234
Jordan 1 Retro High Dark Mocha,2020-10-31,11,516.2258064516129,31,405.0,14,356.5,2,342.32,25,362.0,13,376.7741935483871,31,406.7586206896552,58,470.2844827586207,232
Jordan 1 Retro High Dark Mocha,2020-10-31,11.5,473.7307692307692,26,392.42857142857144,14,347.0,2,345.32,25,365.57142857142856,14,375.61290322580646,31,407.9310344827586,58,472.8553191489362,235
Jordan 1 Retro High Dark Mocha,2020-10-31,12,556.8333333333334,36,395.7692307692308,13,346.0,1,334.1923076923077,26,350.9230769230769,13,370.5806451612903,31,399.4561403508772,57,461.3782608695652,230
Jordan 1 Retro High Dark Mocha,2020-10-31,12.5,0.0,1,0.0,1,373.0,3,385.4,15,383.1333333333333,15,409.6,35,421.73846153846154,65,472.96934865900386,261
Jordan 1 Retro High Dark Mocha,2020-10-31,13,407.05263157894734,19,403.07142857142856,14,337.5,2,319.6,25,338.92857142857144,14,355.75,32,384.6779661016949,59,436.19747899159665,238
Jordan 1 Retro High Dark Mocha,2020-10-31,None,0.0,1,0.0,1,0.0,1,0.0,1,0.0,1,0.0,1,0.0,1,0.0,1
Jordan 1 Retro High Dark Mocha,2020-10-31,14,363.0,12,363.42857142857144,14,307.5,2,305.15384615384613,26,305.2142857142857,14,318.72727272727275,33,355.06666666666666,60,411.49377593361,241
Jordan 1 Retro High Dark Mocha,2020-10-31,15,0.0,1,315.6666666666667,3,309.5,2,294.5,28,293.2142857142857,14,305.0882352941176,34,308.7142857142857,63,343.9367588932806,253
Jordan 1 Retro High Dark Mocha,2020-10-31,16,0.0,1,0.0,1,293.5,2,267.64285714285717,28,269.4,15,268.05882352941177,34,296.76190476190476,63,324.26771653543307,254
Jordan 1 Retro High Dark Mocha,2020-10-31,18,0.0,1,0.0,1,227.0,2,243.21428571428572,14,227.46666666666667,15,209.97142857142856,35,224.1818181818182,66,271.2988505747126,261
Jordan 1 Retro High Dark Mocha,2020-10-31,17,0.0,1,375.0,3,240.0,2,322.4074074074074,27,226.2,15,210.47058823529412,34,210.984126984127,63,356.8853754940711,253
Jordan 1 Retro High Tokyo Bio Hack,2020-09-04,7,0.0,1,405.6666666666667,3,344.0,2,359.3333333333333,21,336.3333333333333,12,355.18518518518516,27,361.8235294117647,51,365.0686274509804,204
Jordan 1 Retro High Tokyo Bio Hack,2020-09-04,7.5,0.0,1,428.8,5,317.0,2,325.3636363636364,22,308.6666666666667,12,320.0740740740741,27,319.18,50,331.51724137931035,203
Jordan 1 Retro High Tokyo Bio Hack,2020-09-04,8,0.0,1,424.4,10,290.5,2,303.09090909090907,22,283.25,12,291.65384615384613,26,287.92,50,281.6119402985075,201
Jordan 1 Retro High Tokyo Bio Hack,2020-09-04,8.5,0.0,1,449.8181818181818,11,285.5,2,300.85714285714283,21,275.3333333333333,12,289.38461538461536,26,280.27450980392155,51,272.835,200
Jordan 1 Retro High Tokyo Bio Hack,2020-09-04,9,0.0,1,457.3636363636364,11,287.0,1,302.72727272727275,22,272.3333333333333,12,280.1111111111111,27,274.22,50,263.84,200
Jordan 1 Retro High Tokyo Bio Hack,2020-09-04,9.5,800.0,2,514.8181818181819,11,288.0,2,306.95454545454544,22,269.3636363636364,11,270.74074074074076,27,266.92,50,261.22613065326635,199
Jordan 1 Retro High Tokyo Bio Hack,2020-09-04,10,835.0,3,542.3636363636364,11,290.5,2,309.54545454545456,22,262.1818181818182,11,263.3333333333333,27,263.265306122449,49,255.85427135678393,199
Jordan 1 Retro High Tokyo Bio Hack,2020-09-04,10.5,0.0,1,476.27272727272725,11,288.0,1,307.6363636363636,22,261.0833333333333,12,260.4074074074074,27,259.54,50,249.69,200
Jordan 1 Retro High Tokyo Bio Hack,2020-09-04,11,0.0,1,502.6363636363636,11,293.0,1,310.5,22,267.5833333333333,12,269.14814814814815,27,266.78,50,259.23,200
Jordan 1 Retro High Tokyo Bio Hack,2020-09-04,11.5,0.0,1,443.3333333333333,6,300.0,1,315.60869565217394,23,271.54545454545456,11,278.14814814814815,27,277.1372549019608,51,271.05940594059405,202
Jordan 1 Retro High Tokyo Bio Hack,2020-09-04,12,752.0,3,514.3636363636364,11,308.0,2,314.72727272727275,22,273.54545454545456,11,276.2962962962963,27,278.734693877551,49,267.99497487437185,199
Jordan 1 Retro High Tokyo Bio Hack,2020-09-04,12.5,0.0,1,0.0,1,347.0,2,434.70588235294116,17,308.9230769230769,13,324.77777777777777,27,326.63461538461536,52,324.67632850241546,207
Jordan 1 Retro High Tokyo Bio Hack,2020-09-04,13,0.0,1,519.0,9,313.0,2,320.77272727272725,22,280.54545454545456,11,277.81481481481484,27,279.7843137254902,51,287.49751243781094,201
Jordan 1 Retro High Tokyo Bio Hack,2020-09-04,14,0.0,1,395.0,1,299.0,1,330.69565217391306,23,256.8333333333333,12,253.22222222222223,27,261.94117647058823,51,263.390243902439,205
Jordan 1 Retro High Tokyo Bio Hack,2020-09-04,15,0.0,1,0.0,1,307.5,2,284.54545454545456,11,258.8333333333333,12,271.0,28,255.16981132075472,53,287.53588516746413,209
Jordan 1 Retro High Tokyo Bio Hack,2020-09-04,16,0.0,1,0.0,1,400.0,1,317.72727272727275,11,285.8333333333333,12,304.67857142857144,28,249.33962264150944,53,275.1666666666667,210
Jordan 1 Retro High Tokyo Bio Hack,2020-09-04,17,0.0,1,0.0,1,200.0,2,204.72727272727272,11,224.69230769230768,13,215.03703703703704,27,231.32075471698113,53,274.94736842105266,209
Jordan 1 Retro High Tokyo Bio Hack,2020-09-04,18,0.0,1,0.0,1,295.0,1,395.0,10,286.6666666666667,12,195.25,28,185.16981132075472,53,215.51904761904763,210
Jordan 1 Retro High COJP Midnight Navy (2020),2020-11-14,3.5,0.0,1,0.0,1,0.0,1,289.25,8,294.1875,16,300.0,38,357.4507042253521,71,476.0669014084507,284
Jordan 1 Retro High COJP Midnight Navy (2020),2020-11-14,4,0.0,1,309.3333333333333,15,277.5,2,302.2857142857143,28,318.5625,16,350.25714285714287,35,396.16923076923075,65,465.5551330798479,263
Jordan 1 Retro High COJP Midnight Navy (2020),2020-11-14,4.5,0.0,1,308.06666666666666,15,302.0,3,323.7857142857143,28,333.46666666666664,15,412.0285714285714,35,430.81538461538463,65,452.82889733840307,263
Jordan 1 Retro High COJP Midnight Navy (2020),2020-11-14,5,0.0,1,336.8,15,308.3333333333333,3,321.75,28,337.46666666666664,15,418.8285714285714,35,424.0923076923077,65,485.7528517110266,263
Jordan 1 Retro High COJP Midnight Navy (2020),2020-11-14,5.5,532.0,7,343.73333333333335,15,314.6666666666667,3,333.7142857142857,28,370.4,15,430.5882352941176,34,445.55384615384617,65,460.0503875968992,258
Jordan 1 Retro High COJP Midnight Navy (2020),2020-11-14,6,0.0,1,322.2,15,310.0,3,329.10714285714283,28,368.4,15,418.6857142857143,35,455.10769230769233,65,460.91634980988596,263
Jordan 1 Retro High COJP Midnight Navy (2020),2020-11-14,6.5,326.3333333333333,21,340.6,15,306.5,2,325.3703703703704,27,363.8666666666667,15,447.8484848484849,33,420.87301587301585,63,456.59760956175296,251
Jordan 1 Retro High COJP Midnight Navy (2020),2020-11-14,7,346.7142857142857,21,269.73333333333335,15,276.0,2,286.6296296296296,27,295.06666666666666,15,339.1515151515151,33,367.58730158730157,63,366.45418326693226,251
Jordan 1 Retro High COJP Midnight Navy (2020),2020-11-14,7.5,349.1578947368421,19,266.2,15,270.5,2,270.57142857142856,28,281.5,14,305.6764705882353,34,342.6666666666667,63,343.86507936507934,252
Jordan 1 Retro High COJP Midnight Navy (2020),2020-11-14,8,301.3333333333333,21,257.53333333333336,15,259.3333333333333,3,261.0,26,261.2,15,285.6060606060606,33,313.1111111111111,63,329.0358565737052,251
Jordan 1 Retro High COJP Midnight Navy (2020),2020-11-14,8.5,317.2083333333333,24,256.42857142857144,14,264.5,2,260.39285714285717,28,261.85714285714283,14,275.3030303030303,33,304.95238095238096,63,318.714859437751,249
Jordan 1 Retro High COJP Midnight Navy (2020),2020-11-14,9,344.13793103448273,29,257.46666666666664,15,261.0,2,255.92592592592592,27,254.0,14,268.27272727272725,33,294.64516129032256,62,310.2032520325203,246
Jordan 1 Retro High COJP Midnight Navy (2020),2020-11-14,9.5,366.6,35,256.92857142857144,14,261.5,2,253.1153846153846,26,252.86666666666667,15,269.0625,32,297.21311475409834,61,307.7336065573771,244
Jordan 1 Retro High COJP Midnight Navy (2020),2020-11-14,10,418.6842105263158,38,252.78571428571428,14,257.5,2,249.1153846153846,26,242.92857142857142,14,259.42424242424244,33,286.4166666666667,60,296.440329218107,243
Jordan 1 Retro High COJP Midnight Navy (2020),2020-11-14,10.5,329.96666666666664,30,258.57142857142856,14,256.0,2,247.37037037037038,27,238.4,15,249.375,32,274.5806451612903,62,289.2276422764228,246
Jordan 1 Retro High COJP Midnight Navy (2020),2020-11-14,11,319.32142857142856,28,257.35714285714283,14,250.33333333333334,3,249.07692307692307,26,248.42857142857142,14,265.1818181818182,33,290.33870967741933,62,302.4153225806452,248
Jordan 1 Retro High COJP Midnight Navy (2020),2020-11-14,11.5,305.5833333333333,24,264.3333333333333,15,251.5,2,256.1111111111111,27,255.35714285714286,14,275.2352941176471,34,307.241935483871,62,312.4457831325301,249
Jordan 1 Retro High COJP Midnight Navy (2020),2020-11-14,12,327.7931034482759,29,258.53333333333336,15,256.5,2,249.59259259259258,27,252.5,14,263.3030303030303,33,292.0806451612903,62,305.0853658536585,246
Jordan 1 Retro High COJP Midnight Navy (2020),2020-11-14,12.5,329.0,3,266.4,15,261.6666666666667,3,258.42857142857144,28,272.06666666666666,15,300.0571428571429,35,320.81538461538463,65,336.16153846153844,260
Jordan 1 Retro High COJP Midnight Navy (2020),2020-11-14,13,328.34615384615387,26,256.2857142857143,14,261.5,2,245.11111111111111,27,254.2,15,263.6363636363636,33,284.14516129032256,62,293.0,249
Jordan 1 Retro High COJP Midnight Navy (2020),2020-11-14,14,313.08,25,254.35714285714286,14,243.0,2,239.0,27,222.93333333333334,15,234.06060606060606,33,258.2258064516129,62,270.636,250
Jordan 1 Retro High COJP Midnight Navy (2020),2020-11-14,15,0.0,1,244.73333333333332,15,241.66666666666666,3,240.21428571428572,28,229.66666666666666,15,232.5142857142857,35,239.3230769230769,65,265.7908745247148,263
Jordan 1 Retro High COJP Midnight Navy (2020),2020-11-14,16,0.0,1,0.0,1,269.0,1,253.14285714285714,14,201.58823529411765,17,193.67567567567568,37,200.9142857142857,70,252.2892857142857,280
Jordan 1 Retro High COJP Midnight Navy (2020),2020-11-14,17,0.0,1,0.0,1,225.0,1,211.71428571428572,14,192.0,17,192.0,37,191.65714285714284,70,214.675,280
Jordan 1 Retro High COJP Midnight Navy (2020),2020-11-14,18,0.0,1,0.0,1,0.0,1,0.0,1,0.0,1,180.0,21,176.4935064935065,77,144.09324758842445,311
Jordan 1 Retro High J Balvin,2020-12-08,3.5,0.0,1,0.0,1,0.0,1,0.0,1,503.0,3,549.8666666666667,45,575.3809523809524,84,733.9169139465876,337
Jordan 1 Retro High J Balvin,2020-12-08,4,0.0,1,0.0,1,698.0,1,696.5625,16,676.8421052631579,19,763.0,42,601.0512820512821,78,635.3968253968254,315
Jordan 1 Retro High J Balvin,2020-12-08,4.5,0.0,1,0.0,1,802.3333333333334,3,705.375,16,689.5,18,648.2857142857143,42,701.9358974358975,78,651.0668789808917,314
Jordan 1 Retro High J Balvin,2020-12-08,5,0.0,1,0.0,1,659.3333333333334,3,710.6451612903226,31,557.5,18,553.025,40,571.7368421052631,76,578.8157894736842,304
Jordan 1 Retro High J Balvin,2020-12-08,5.5,0.0,1,0.0,1,655.3333333333334,3,716.3928571428571,28,676.1666666666666,18,633.6829268292682,41,677.5263157894736,76,636.6372549019608,306
Jordan 1 Retro High J Balvin,2020-12-08,6,0.0,1,0.0,1,575.5,2,627.4666666666667,30,535.3529411764706,17,522.4146341463414,41,540.7142857142857,77,508.97049180327866,305
Jordan 1 Retro High J Balvin,2020-12-08,6.5,0.0,1,1000.0,1,551.3333333333334,3,639.71875,32,505.1111111111111,18,521.55,40,510.13157894736844,76,469.77814569536423,302
Jordan 1 Retro High J Balvin,2020-12-08,7,1550.0,6,1303.5882352941176,17,548.0,2,561.59375,32,479.2352941176471,17,497.57894736842104,38,485.34722222222223,72,441.5896551724138,290
Jordan 1 Retro High J Balvin,2020-12-08,7.5,0.0,1,1045.6666666666667,6,509.0,3,562.6875,32,474.4117647058824,17,474.825,40,462.58666666666664,75,434.31666666666666,300
Jordan 1 Retro High J Balvin,2020-12-08,8,1120.4,5,1112.764705882353,17,541.0,2,577.78125,32,495.05882352941177,17,495.39473684210526,38,476.8082191780822,73,445.1275862068965,290
Jordan 1 Retro High J Balvin,2020-12-08,8.5,1200.0,26,1128.0625,16,557.0,2,576.0333333333333,30,503.9375,16,502.1578947368421,38,490.0,69,459.54676258992805,278
Jordan 1 Retro High J Balvin,2020-12-08,9,4186.518867924528,106,1032.357142857143,14,528.0,2,607.92,25,500.15384615384613,13,504.5483870967742,31,483.5,58,465.8565217391304,230
Jordan 1 Retro High J Balvin,2020-12-08,9.5,1411.2307692307693,26,1036.25,16,592.0,2,637.9354838709677,31,508.125,16,512.0540540540541,37,506.07246376811594,69,486.7086330935252,278
Jordan 1 Retro High J Balvin,2020-12-08,10,1082.3529411764705,17,1009.4375,16,586.0,2,610.0645161290323,31,518.6470588235294,17,531.578947368421,38,517.5,70,507.0636042402827,283
Jordan 1 Retro High J Balvin,2020-12-08,10.5,1100.0,3,1187.3529411764705,17,577.0,3,624.6129032258065,31,518.1176470588235,17,533.2051282051282,39,542.4109589041096,73,525.5620689655173,290
Jordan 1 Retro High J Balvin,2020-12-08,11,1181.25,8,975.5294117647059,17,581.5,2,634.5,32,533.1764705882352,17,534.8947368421053,38,563.3472222222222,72,556.1041666666666,288
Jordan 1 Retro High J Balvin,2020-12-08,11.5,1400.0,9,1400.0,17,656.0,2,804.5,32,576.875,16,613.6153846153846,39,675.9583333333334,72,636.616724738676,287
Jordan 1 Retro High J Balvin,2020-12-08,12,1053.3333333333333,15,1091.1764705882354,17,625.6666666666666,3,693.0333333333333,30,550.0625,16,598.2631578947369,38,654.056338028169,71,609.862676056338,284
Jordan 1 Retro High J Balvin,2020-12-08,12.5,0.0,1,0.0,1,725.6666666666666,3,660.4347826086956,23,493.1111111111111,18,546.780487804878,41,559.6153846153846,78,578.2071197411003,309
Jordan 1 Retro High J Balvin,2020-12-08,13,0.0,1,1098.1333333333334,15,636.0,2,688.34375,32,498.2352941176471,17,533.15,40,567.4931506849315,73,564.8945578231293,294
Jordan 1 Retro High J Balvin,2020-12-08,None,0,0,0,0,0,0,0,0,0,0,0,0,0,0,0,0
Jordan 1 Retro High J Balvin,2020-12-08,14,0.0,1,1133.0833333333333,12,755.6666666666666,3,915.34375,32,561.5294117647059,17,562.5897435897435,39,601.1621621621622,74,691.3141891891892,296
Jordan 1 Retro High J Balvin,2020-12-08,None,0,0,0,0,0,0,0,0,0,0,0,0,0,0,0,0
Jordan 1 Retro High J Balvin,2020-12-08,15,0.0,1,0.0,1,1122.0,2,956.6521739130435,23,710.7777777777778,18,791.439024390244,41,766.0,78,951.9580645161291,310
Jordan 1 Retro High J Balvin,2020-12-08,None,0.0,1,0.0,1,0.0,1,0.0,1,0.0,1,0.0,1,0.0,1,500.0,450
Jordan 1 Retro High Obsidian UNC,2019-08-31,7,501.53846153846155,26,544.4,5,384.0,1,416.77777777777777,9,427.6,5,405.72727272727275,11,380.1818181818182,22,369.1058823529412,85
Jordan 1 Retro High Obsidian UNC,2019-08-31,7.5,459.5,12,552.4,5,387.0,1,425.22222222222223,9,411.8333333333333,6,404.1818181818182,11,380.59090909090907,22,345.5,88
Jordan 1 Retro High Obsidian UNC,2019-08-31,8,485.1111111111111,9,564.0,5,403.0,1,418.8888888888889,9,424.0,5,424.5833333333333,12,402.72727272727275,22,345.07954545454544,88
Jordan 1 Retro High Obsidian UNC,2019-08-31,8.5,470.8888888888889,9,565.2,5,401.0,1,416.8888888888889,9,418.4,5,418.0,12,399.09090909090907,22,339.03409090909093,88
Jordan 1 Retro High Obsidian UNC,2019-08-31,9,458.6666666666667,9,533.2,5,371.0,1,395.22222222222223,9,384.4,5,377.8333333333333,12,365.3636363636364,22,324.0113636363636,88
Jordan 1 Retro High Obsidian UNC,2019-08-31,9.5,433.1111111111111,9,508.0,5,345.0,1,370.77777777777777,9,351.8,5,349.0833333333333,12,328.6818181818182,22,302.5568181818182,88
Jordan 1 Retro High Obsidian UNC,2019-08-31,10,372.45454545454544,11,409.0,5,273.0,1,288.3333333333333,9,266.2,5,262.5833333333333,12,246.5909090909091,22,267.7011494252874,87
Jordan 1 Retro High Obsidian UNC,2019-08-31,10.5,320.25,8,362.4,5,236.0,1,256.3333333333333,9,226.83333333333334,6,226.36363636363637,11,213.5909090909091,22,245.97752808988764,89
Jordan 1 Retro High Obsidian UNC,2019-08-31,11,300.8888888888889,9,337.0,5,224.0,1,239.33333333333334,9,212.8,5,206.25,12,199.5,22,239.8068181818182,88
Jordan 1 Retro High Obsidian UNC,2019-08-31,11.5,265.0,8,326.8,5,219.0,1,239.33333333333334,9,202.16666666666666,6,196.54545454545453,11,192.77272727272728,22,228.98876404494382,89
Jordan 1 Retro High Obsidian UNC,2019-08-31,12,266.7142857142857,7,315.0,5,0.0,1,230.45454545454547,11,196.0,5,189.5,12,186.77272727272728,22,220.0681818181818,88
Jordan 1 Retro High Obsidian UNC,2019-08-31,12.5,300.3888888888889,18,286.8,5,230.0,1,237.66666666666666,9,200.0,5,200.16666666666666,12,198.9047619047619,21,234.8505747126437,87
Jordan 1 Retro High Obsidian UNC,2019-08-31,13,270.625,8,270.4,5,203.0,1,214.44444444444446,9,184.6,5,178.08333333333334,12,172.5909090909091,22,198.13636363636363,88
Jordan 1 Retro High Obsidian UNC,2019-08-31,14,0.0,1,300.0,5,204.0,1,232.0,9,179.66666666666666,6,179.5,12,167.8181818181818,22,188.01111111111112,90
Jordan 1 Retro High Obsidian UNC,2019-08-31,15,0.0,1,0.0,1,189.0,1,204.4,10,168.6,5,160.0,12,155.47826086956522,23,161.8111111111111,90
Jordan 1 Retro High Obsidian UNC,2019-08-31,16,300.0,2,300.0,5,0.0,1,243.0909090909091,11,173.0,5,161.75,12,145.95454545454547,22,172.04494382022472,89
Jordan 1 Retro High Obsidian UNC,2019-08-31,17,0.0,1,0.0,1,194.0,1,195.5,4,141.83333333333334,6,142.91666666666666,12,136.91304347826087,23,133.36263736263737,91
Jordan 1 Retro High Obsidian UNC,2019-08-31,18,0.0,1,0.0,1,206.0,1,181.75,4,156.16666666666666,6,134.66666666666666,12,132.2173913043478,23,138.01098901098902,91
Jordan 1 Retro High 85 Neutral Grey,2021-02-10,3.5,0.0,1,0.0,1,0.0,1,403.9583333333333,24,353.0357142857143,28,379.57142857142856,63,394.7226890756302,119,393.390977443609,266
Jordan 1 Retro High 85 Neutral Grey,2021-02-10,4,0.0,1,600.0,1,575.6666666666666,3,564.1020408163265,49,441.61538461538464,26,456.95,60,362.7567567567568,111,345.488,250
Jordan 1 Retro High 85 Neutral Grey,2021-02-10,4.5,0.0,1,0.0,1,503.75,4,468.25,24,429.85185185185185,27,452.8095238095238,63,417.49152542372883,118,377.0530303030303,264
Jordan 1 Retro High 85 Neutral Grey,2021-02-10,5,0.0,1,552.6,25,511.6666666666667,3,511.59574468085106,47,428.8333333333333,24,415.17543859649123,57,384.6448598130841,107,349.73839662447256,237
Jordan 1 Retro High 85 Neutral Grey,2021-02-10,5.5,0.0,1,525.0,19,492.6666666666667,3,492.93617021276594,47,413.36,25,414.2241379310345,58,369.9626168224299,107,346.2033195020747,241
Jordan 1 Retro High 85 Neutral Grey,2021-02-10,6,0.0,1,505.0,5,482.6666666666667,3,504.0625,48,420.84615384615387,26,384.2542372881356,59,359.0900900900901,111,345.3991935483871,248
Jordan 1 Retro High 85 Neutral Grey,2021-02-10,6.5,600.0,18,600.0,24,503.0,3,503.8,45,403.3333333333333,24,401.5272727272727,55,388.27450980392155,102,337.49344978165936,229
Jordan 1 Retro High 85 Neutral Grey,2021-02-10,7,0.0,1,815.2,15,514.3333333333334,3,545.7916666666666,48,413.28,25,407.8448275862069,58,370.07339449541286,109,354.8471074380165,242
Jordan 1 Retro High 85 Neutral Grey,2021-02-10,7.5,0.0,1,0.0,1,522.25,4,534.2608695652174,46,457.5769230769231,26,441.53333333333336,60,411.4513274336283,113,375.60956175298804,251
Jordan 1 Retro High 85 Neutral Grey,2021-02-10,8,0.0,1,0.0,1,527.0,4,585.9166666666666,48,530.1538461538462,26,511.68333333333334,60,454.3392857142857,112,435.064,250
Jordan 1 Retro High 85 Neutral Grey,2021-02-10,8.5,0.0,1,714.8666666666667,15,515.75,4,565.8723404255319,47,516.36,25,508.3448275862069,58,463.4403669724771,109,426.37603305785126,242
Jordan 1 Retro High 85 Neutral Grey,2021-02-10,9,673.5,2,858.04,25,508.75,4,583.8222222222222,45,514.32,25,511.75,56,467.7358490566038,106,428.0084388185654,237
Jordan 1 Retro High 85 Neutral Grey,2021-02-10,9.5,0.0,1,1380.0,16,550.0,3,601.4791666666666,48,554.24,25,522.4137931034483,58,493.1296296296296,108,455.2603305785124,242
Jordan 1 Retro High 85 Neutral Grey,2021-02-10,10,680.0,14,743.76,25,549.3333333333334,3,567.1555555555556,45,525.875,24,519.8363636363637,55,494.3592233009709,103,457.7748917748918,231
Jordan 1 Retro High 85 Neutral Grey,2021-02-10,10.5,1676.0,24,1100.9583333333333,24,544.0,3,567.6590909090909,44,527.8333333333334,24,531.3888888888889,54,503.2970297029703,101,451.46902654867256,226
Jordan 1 Retro High 85 Neutral Grey,2021-02-10,11,0.0,1,748.9130434782609,23,535.3333333333334,3,562.1489361702128,47,513.32,25,522.2456140350877,57,497.3301886792453,106,465.40167364016736,239
Jordan 1 Retro High 85 Neutral Grey,2021-02-10,11.5,0.0,1,751.4444444444445,18,533.25,4,600.7608695652174,46,541.6153846153846,26,556.4912280701755,57,530.7592592592592,108,482.2572614107884,241
Jordan 1 Retro High 85 Neutral Grey,2021-02-10,12,650.0,1,668.88,25,522.0,4,559.1111111111111,45,513.52,25,527.6140350877193,57,502.00943396226415,106,476.9198312236287,237
Jordan 1 Retro High 85 Neutral Grey,2021-02-10,12.5,0.0,1,0.0,1,513.0,4,515.0222222222222,45,420.03846153846155,26,402.0327868852459,61,415.17857142857144,112,395.56349206349205,252
Jordan 1 Retro High 85 Neutral Grey,2021-02-10,13,0.0,1,846.3636363636364,22,509.0,4,521.6521739130435,46,408.72,25,400.6140350877193,57,388.7289719626168,107,367.27196652719664,239
Jordan 1 Retro High 85 Neutral Grey,2021-02-10,14,0.0,1,0.0,1,492.25,4,476.34375,32,425.77777777777777,27,415.9516129032258,62,393.3534482758621,116,387.42084942084944,259
Jordan 1 Retro High 85 Neutral Grey,2021-02-10,15,0.0,1,0.0,1,691.5,4,477.7241379310345,29,397.55555555555554,27,363.4516129032258,62,363.9059829059829,117,365.8773946360153,261
Jordan 1 Retro High 85 Neutral Grey,2021-02-10,None,0,0,0,0,0,0,0,0,0,0,0,0,0,0,0,0
Jordan 1 Retro High 85 Neutral Grey,2021-02-10,None,0.0,1,0.0,1,0.0,1,0.0,1,0.0,1,400.0,68,400.0,134,400.0,298
Jordan 1 Retro High 85 Neutral Grey,2021-02-10,None,0.0,1,0.0,1,0.0,1,0.0,1,0.0,1,345.0,46,345.0,141,345.0,313
Jordan 1 Retro High Bloodline,2019-11-29,None,0,0,0,0,0,0,0,0,0,0,0,0,0,0,0,0
Jordan 1 Retro High Bloodline,2019-11-29,None,0.0,1,0.0,1,0.0,1,0.0,1,200.0,6,200.0,14,200.0,27,200.0,108
Jordan 1 Retro High Bloodline,2019-11-29,None,0,0,0,0,0,0,0,0,0,0,0,0,0,0,0,0
Jordan 1 Retro High Bloodline,2019-11-29,None,0.0,1,0.0,1,151.0,1,167.5,6,264.8333333333333,6,297.7857142857143,14,267.38461538461536,26,250.0,106
Jordan 1 Retro High Bloodline,2019-11-29,None,0.0,1,0.0,1,0.0,1,150.0,3,150.0,6,150.0,15,288.2692307692308,26,300.0,107
Jordan 1 Retro High Bloodline,2019-11-29,None,0.0,1,0.0,1,0.0,1,245.6,5,300.0,6,263.92857142857144,14,145.0,27,145.0,106
Jordan 1 Retro High Bloodline,2019-11-29,7,184.0,9,207.8,5,186.0,1,188.9090909090909,11,184.16666666666666,6,203.5,14,231.36,25,269.12745098039215,102
Jordan 1 Retro High Bloodline,2019-11-29,7.5,197.77777777777777,9,213.33333333333334,6,177.0,1,174.9090909090909,11,177.66666666666666,6,189.69230769230768,13,198.34615384615384,26,232.40594059405942,101
Jordan 1 Retro High Bloodline,2019-11-29,8,217.5,12,203.66666666666666,6,172.0,1,172.9090909090909,11,168.16666666666666,6,182.6153846153846,13,193.3846153846154,26,206.93069306930693,101
Jordan 1 Retro High Bloodline,2019-11-29,8.5,204.23076923076923,13,207.5,6,168.0,1,169.72727272727272,11,164.5,6,179.84615384615384,13,194.4,25,205.2970297029703,101
Jordan 1 Retro High Bloodline,2019-11-29,9,209.41666666666666,12,194.16666666666666,6,171.0,1,168.54545454545453,11,161.5,6,177.23076923076923,13,187.0,26,200.4851485148515,101
Jordan 1 Retro High Bloodline,2019-11-29,9.5,196.16666666666666,12,193.33333333333334,6,168.0,1,165.0,11,151.16666666666666,6,170.53846153846155,13,181.42307692307693,26,201.83168316831683,101
Jordan 1 Retro High Bloodline,2019-11-29,10,190.58333333333334,12,181.5,6,168.0,1,156.8181818181818,11,143.33333333333334,6,156.07692307692307,13,165.57692307692307,26,182.85148514851485,101
Jordan 1 Retro High Bloodline,2019-11-29,10.5,181.58333333333334,12,183.66666666666666,6,170.0,1,157.0,11,140.5,6,151.53846153846155,13,154.07692307692307,26,165.06930693069307,101
Jordan 1 Retro High Bloodline,2019-11-29,11,180.91666666666666,12,166.5,6,165.0,1,164.54545454545453,11,134.66666666666666,6,148.46153846153845,13,153.30769230769232,26,156.6138613861386,101
Jordan 1 Retro High Bloodline,2019-11-29,11.5,183.58333333333334,12,162.5,6,167.0,1,162.9,10,145.5,6,147.92857142857142,14,142.76,25,150.36633663366337,101
Jordan 1 Retro High Bloodline,2019-11-29,12,154.22222222222223,9,158.66666666666666,6,165.0,1,156.9090909090909,11,134.0,6,148.84615384615384,13,143.76923076923077,26,145.43564356435644,101
Jordan 1 Retro High Bloodline,2019-11-29,12.5,150.0,7,140.0,6,135.0,1,144.8181818181818,11,123.5,6,142.92307692307693,13,132.42307692307693,26,153.63725490196077,102
Jordan 1 Retro High Bloodline,2019-11-29,13,179.5,12,161.66666666666666,6,160.0,1,143.54545454545453,11,126.66666666666667,6,137.46153846153845,13,138.57692307692307,26,143.15841584158414,101
Jordan 1 Retro High Bloodline,2019-11-29,None,0,0,0,0,0,0,0,0,0,0,0,0,0,0,0,0
Jordan 1 Retro High Bloodline,2019-11-29,14,0.0,1,218.0,3,165.0,1,156.75,12,136.5,6,152.42857142857142,14,149.73076923076923,26,139.90384615384616,104
Jordan 1 Retro High Bloodline,2019-11-29,None,0,0,0,0,0,0,0,0,0,0,0,0,0,0,0,0
Jordan 1 Retro High Bloodline,2019-11-29,15,0.0,1,131.5,2,192.0,1,135.54545454545453,11,139.33333333333334,6,126.64285714285714,14,150.73076923076923,26,155.7904761904762,105
Jordan 1 Retro High Bloodline,2019-11-29,16,0.0,1,0.0,1,0.0,1,0.0,1,0.0,1,0.0,1,0.0,1,177.3181818181818,110
Jordan 1 Retro High Travis Scott,2019-05-11,4,0.0,1,0.0,1,1198.0,1,1222.25,4,1259.5,4,1154.3636363636363,11,1526.0,19,1943.025641025641,78
Jordan 1 Retro High Travis Scott,2019-05-11,4.5,0.0,1,0.0,1,1129.0,1,1168.25,4,1253.5,4,1157.3636363636363,11,1603.7368421052631,19,1785.948717948718,78
Jordan 1 Retro High Travis Scott,2019-05-11,5,0.0,1,0.0,1,1160.0,1,1205.0,4,1284.25,4,1185.6363636363637,11,1539.421052631579,19,1834.7820512820513,78
Jordan 1 Retro High Travis Scott,2019-05-11,5.5,0.0,1,0.0,1,1133.0,1,1164.5,4,1246.2,5,1140.8,10,1553.157894736842,19,1972.4683544303798,79
Jordan 1 Retro High Travis Scott,2019-05-11,6,0.0,1,0.0,1,1214.0,1,1274.25,4,1327.25,4,1254.7272727272727,11,1868.1052631578948,19,2030.3164556962026,79
Jordan 1 Retro High Travis Scott,2019-05-11,6.5,0.0,1,0.0,1,1154.0,1,1259.25,4,1339.5,4,1311.3636363636363,11,1639.7368421052631,19,1924.5949367088608,79
Jordan 1 Retro High Travis Scott,2019-05-11,7,0.0,1,0.0,1,1114.0,1,1093.6,5,1224.2,5,1150.8,10,1528.7,20,1850.0384615384614,78
Jordan 1 Retro High Travis Scott,2019-05-11,7.5,0.0,1,0.0,1,1094.0,1,1103.4,5,1232.6,5,1235.4,10,1532.4736842105262,19,1957.4615384615386,78
Jordan 1 Retro High Travis Scott,2019-05-11,8,2278.7272727272725,44,1276.75,4,1047.0,1,984.5714285714286,7,1179.75,4,1183.0,10,1498.1764705882354,17,1920.0857142857142,70
Jordan 1 Retro High Travis Scott,2019-05-11,8.5,2220.409090909091,44,1294.0,4,1066.0,1,976.7142857142857,7,1175.0,4,1190.0,10,1501.235294117647,17,1935.9571428571428,70
Jordan 1 Retro High Travis Scott,2019-05-11,9,2001.5681818181818,44,1308.25,4,1040.0,1,974.0,7,1177.25,4,1170.5,10,1468.8823529411766,17,1882.557142857143,70
Jordan 1 Retro High Travis Scott,2019-05-11,9.5,2019.0227272727273,44,1277.25,4,1003.0,1,935.0,7,1108.75,4,1082.7,10,1417.1764705882354,17,1740.0142857142857,70
Jordan 1 Retro High Travis Scott,2019-05-11,10,2031.9318181818182,44,1194.75,4,958.0,1,879.4285714285714,7,1000.5,4,977.4,10,1259.2941176470588,17,1471.5857142857142,70
Jordan 1 Retro High Travis Scott,2019-05-11,10.5,1972.6818181818182,44,1208.75,4,906.0,1,843.8571428571429,7,925.25,4,888.6,10,1106.3529411764705,17,1218.642857142857,70
Jordan 1 Retro High Travis Scott,2019-05-11,11,2049.090909090909,44,1134.5,4,916.0,1,833.4285714285714,7,887.25,4,843.3,10,1005.0,17,1094.1857142857143,70
Jordan 1 Retro High Travis Scott,2019-05-11,11.5,2091.4883720930234,43,1366.0,4,0.0,1,843.5555555555555,9,889.5,4,841.3333333333334,9,967.7222222222222,18,1050.5285714285715,70
Jordan 1 Retro High Travis Scott,2019-05-11,12,1702.5454545454545,44,1277.5,4,880.0,1,814.2857142857143,7,863.25,4,812.5,10,912.1764705882352,17,971.0428571428571,70
Jordan 1 Retro High Travis Scott,2019-05-11,12.5,0.0,1,1100.0,1,928.0,1,989.875,8,901.75,4,854.8181818181819,11,921.1052631578947,19,1033.3766233766235,77
Jordan 1 Retro High Travis Scott,2019-05-11,13,2414.139534883721,43,1198.25,4,877.0,1,811.7142857142857,7,829.5,4,761.6,10,813.0,17,867.3714285714286,70
Jordan 1 Retro High Travis Scott,2019-05-11,None,0,0,0,0,0,0,0,0,0,0,0,0,0,0,0,0
Jordan 1 Retro High Travis Scott,2019-05-11,14,2372.7272727272725,22,1555.0,5,822.0,1,825.2857142857143,7,771.25,4,710.8,10,731.6315789473684,19,741.8767123287671,73
Jordan 1 Retro High Travis Scott,2019-05-11,15,0.0,1,0.0,1,813.0,1,843.6,5,784.25,4,729.5454545454545,11,751.8947368421053,19,725.0128205128206,78
Jordan 1 Retro High Travis Scott,2019-05-11,None,0.0,1,0.0,1,0.0,1,0.0,1,0.0,1,0.0,1,0.0,1,3750.0,78
Jordan 1 Retro High Travis Scott,2019-05-11,None,0.0,1,0.0,1,0.0,1,0.0,1,0.0,1,0.0,1,0.0,1,0.0,1
Jordan 1 Retro High Travis Scott,2019-05-11,None,0,0,0,0,0,0,0,0,0,0,0,0,0,0,0,0
Jordan 1 Retro High Zoom Crater,2020-09-11,4,0.0,1,0.0,1,236.0,1,236.0,11,218.46153846153845,13,150.21428571428572,28,130.1851851851852,54,110.57870370370371,216
Jordan 1 Retro High Zoom Crater,2020-09-11,4.5,0.0,1,0.0,1,214.0,1,198.72727272727272,11,188.0,13,177.28571428571428,28,141.92592592592592,54,133.64814814814815,216
Jordan 1 Retro High Zoom Crater,2020-09-11,5,0.0,1,0.0,1,0.0,1,185.0,3,174.23076923076923,13,159.9655172413793,29,149.6,55,127.47945205479452,219
Jordan 1 Retro High Zoom Crater,2020-09-11,5.5,0.0,1,0.0,1,200.0,1,187.8181818181818,11,185.84615384615384,13,174.14285714285714,28,151.64814814814815,54,128.87037037037038,216
Jordan 1 Retro High Zoom Crater,2020-09-11,6,0.0,1,0.0,1,202.0,1,196.0,11,162.92307692307693,13,143.78571428571428,28,145.88888888888889,54,127.5,216
Jordan 1 Retro High Zoom Crater,2020-09-11,6.5,0.0,1,0.0,1,214.0,1,200.63636363636363,11,195.84615384615384,13,167.0,28,151.55555555555554,54,131.4814814814815,216
Jordan 1 Retro High Zoom Crater,2020-09-11,7,0.0,1,0.0,1,227.0,2,229.33333333333334,18,219.30769230769232,13,187.28571428571428,28,183.45283018867926,53,138.3222748815166,211
Jordan 1 Retro High Zoom Crater,2020-09-11,7.5,0.0,1,0.0,1,223.0,2,217.31578947368422,19,199.53846153846155,13,186.03571428571428,28,164.1320754716981,53,143.13744075829385,211
Jordan 1 Retro High Zoom Crater,2020-09-11,8,0.0,1,217.5,2,224.0,2,219.63636363636363,22,194.5,12,184.39285714285714,28,162.64150943396226,53,141.11004784688996,209
Jordan 1 Retro High Zoom Crater,2020-09-11,8.5,0.0,1,260.0,12,232.5,2,227.27272727272728,22,199.33333333333334,12,180.74074074074073,27,165.31372549019608,51,138.4048780487805,205
Jordan 1 Retro High Zoom Crater,2020-09-11,9,352.0,1,286.3333333333333,12,237.0,1,224.52173913043478,23,197.75,12,185.77777777777777,27,157.13725490196077,51,134.5441176470588,204
Jordan 1 Retro High Zoom Crater,2020-09-11,9.5,0.0,1,247.88888888888889,9,233.5,2,223.4090909090909,22,202.08333333333334,12,185.14285714285714,28,163.7843137254902,51,141.7233009708738,206
Jordan 1 Retro High Zoom Crater,2020-09-11,10,0.0,1,250.33333333333334,12,232.5,2,226.5,22,198.16666666666666,12,186.33333333333334,27,171.13725490196077,51,146.44878048780487,205
Jordan 1 Retro High Zoom Crater,2020-09-11,10.5,0.0,1,258.27272727272725,11,237.0,2,229.5909090909091,22,199.08333333333334,12,189.57142857142858,28,174.2156862745098,51,154.14634146341464,205
Jordan 1 Retro High Zoom Crater,2020-09-11,11,0.0,1,266.75,12,233.0,2,225.27272727272728,22,193.25,12,185.88888888888889,27,171.64705882352942,51,149.30731707317074,205
Jordan 1 Retro High Zoom Crater,2020-09-11,11.5,0.0,1,330.0,6,239.5,2,233.95454545454547,22,208.23076923076923,13,205.07407407407408,27,189.67307692307693,52,168.06280193236714,207
Jordan 1 Retro High Zoom Crater,2020-09-11,12,342.0,1,291.25,12,236.0,1,229.3913043478261,23,205.83333333333334,12,187.74074074074073,27,180.54901960784315,51,165.11764705882354,204
Jordan 1 Retro High Zoom Crater,2020-09-11,12.5,0.0,1,0.0,1,229.5,2,236.0,15,215.0,12,195.6206896551724,29,191.96226415094338,53,179.40845070422534,213
Jordan 1 Retro High Zoom Crater,2020-09-11,13,0.0,1,302.4166666666667,12,239.0,1,233.6086956521739,23,212.91666666666666,12,203.2962962962963,27,175.9607843137255,51,175.4048780487805,205
Jordan 1 Retro High Zoom Crater,2020-09-11,14,0.0,1,254.0,2,233.0,1,232.56521739130434,23,202.66666666666666,12,191.75,28,169.94230769230768,52,166.17142857142858,210
Jordan 1 Retro High Zoom Crater,2020-09-11,15,0.0,1,0.0,1,212.0,1,217.0,18,221.58333333333334,12,195.6551724137931,29,177.49056603773585,53,170.9811320754717,212
Jordan 1 Retro High Black Gym Red,2019-06-29,None,0.0,1,0.0,1,231.0,1,274.0,4,274.0,5,277.0,11,316.2857142857143,21,270.73493975903614,83
Jordan 1 Retro High Black Gym Red,2019-06-29,None,0.0,1,0.0,1,0.0,1,266.0,5,288.8,5,284.1818181818182,11,320.6190476190476,21,322.75,84
Jordan 1 Retro High Black Gym Red,2019-06-29,7,0.0,1,0.0,1,301.0,1,327.0,9,302.0,4,301.72727272727275,11,342.57142857142856,21,326.2048192771084,83
Jordan 1 Retro High Black Gym Red,2019-06-29,7.5,276.4,5,314.0,5,0.0,1,323.77777777777777,9,305.6,5,303.3636363636364,11,346.4,20,325.7654320987654,81
Jordan 1 Retro High Black Gym Red,2019-06-29,8,355.7368421052632,38,323.4,5,284.0,1,315.0,7,301.2,5,303.7,10,340.94736842105266,19,329.57894736842104,76
Jordan 1 Retro High Black Gym Red,2019-06-29,8.5,272.3,10,327.8,5,271.0,1,307.375,8,290.4,5,292.8,10,333.95,20,322.962962962963,81
Jordan 1 Retro High Black Gym Red,2019-06-29,9,271.3,10,311.4,5,254.0,1,292.5,8,269.2,5,272.2,10,311.7,20,299.9012345679012,81
Jordan 1 Retro High Black Gym Red,2019-06-29,9.5,264.0,10,300.2,5,232.0,1,273.875,8,238.6,5,241.5,10,283.35,20,267.358024691358,81
Jordan 1 Retro High Black Gym Red,2019-06-29,10,264.53333333333336,15,239.0,5,194.0,1,218.25,8,185.6,5,183.5,10,200.9,20,198.375,80
Jordan 1 Retro High Black Gym Red,2019-06-29,10.5,357.7567567567568,37,213.8,5,180.0,1,195.125,8,166.75,4,163.4,10,170.3684210526316,19,173.43421052631578,76
Jordan 1 Retro High Black Gym Red,2019-06-29,11,220.7,10,196.4,5,178.0,1,183.125,8,157.8,5,154.6,10,160.4,20,159.79012345679013,81
Jordan 1 Retro High Black Gym Red,2019-06-29,11.5,233.625,8,193.2,5,179.0,1,180.5,8,157.4,5,151.8,10,156.76190476190476,21,155.7,80
Jordan 1 Retro High Black Gym Red,2019-06-29,12,219.5,10,197.8,5,174.0,1,173.125,8,151.4,5,143.6,10,149.9,20,146.92592592592592,81
Jordan 1 Retro High Black Gym Red,2019-06-29,12.5,0.0,1,0.0,1,168.0,1,164.75,4,161.8,5,159.45454545454547,11,153.23809523809524,21,161.58333333333334,84
Jordan 1 Retro High Black Gym Red,2019-06-29,13,200.0,2,192.6,5,175.0,1,169.0,8,144.0,5,138.63636363636363,11,147.65,20,134.0609756097561,82
Jordan 1 Retro High Black Gym Red,2019-06-29,None,0,0,0,0,0,0,0,0,0,0,0,0,0,0,0,0
Jordan 1 Retro High Black Gym Red,2019-06-29,14,0.0,1,160.0,1,164.0,1,158.88888888888889,9,139.6,5,138.1818181818182,11,147.05,20,115.81927710843374,83
Jordan 1 Retro High Black Gym Red,2019-06-29,None,0,0,0,0,0,0,0,0,0,0,0,0,0,0,0,0
Jordan 1 Retro High Black Gym Red,2019-06-29,15,0.0,1,0.0,1,186.0,1,151.75,4,138.4,5,142.0909090909091,11,138.9047619047619,21,108.04819277108433,83
Jordan 1 Retro High Black Gym Red,2019-06-29,None,0.0,1,0.0,1,215.0,1,215.0,4,180.0,5,127.18181818181819,11,153.33333333333334,21,153.7710843373494,83
Jordan 1 Retro High Black Gym Red,2019-06-29,17,0.0,1,0.0,1,0.0,1,160.0,2,127.0,5,170.45454545454547,11,177.0,21,135.08333333333334,84
Jordan 1 Retro High Black Gym Red,2019-06-29,18,0.0,1,0.0,1,0.0,1,0.0,1,0.0,1,184.0,8,190.0,21,144.41860465116278,86
Jordan 1 Retro High Turbo Green,2019-02-15,7,0.0,1,397.0,3,0.0,1,334.0,8,341.25,4,356.22222222222223,9,322.44444444444446,18,332.4347826086956,69
Jordan 1 Retro High Turbo Green,2019-02-15,7.5,0.0,1,358.0,4,297.0,1,318.42857142857144,7,305.75,4,306.3333333333333,9,291.94444444444446,18,308.2173913043478,69
Jordan 1 Retro High Turbo Green,2019-02-15,8,357.5,2,330.5,4,0.0,1,295.75,8,287.0,4,287.6666666666667,9,272.88235294117646,17,279.5072463768116,69
Jordan 1 Retro High Turbo Green,2019-02-15,8.5,364.0,2,329.0,4,273.0,1,290.0,7,273.5,4,278.44444444444446,9,260.77777777777777,18,267.1014492753623,69
Jordan 1 Retro High Turbo Green,2019-02-15,9,336.0,2,317.0,4,258.0,1,278.7142857142857,7,253.75,4,260.3,10,245.7058823529412,17,252.33333333333334,69
Jordan 1 Retro High Turbo Green,2019-02-15,9.5,364.5,2,306.25,4,246.0,1,266.2857142857143,7,240.25,4,247.2,10,233.76470588235293,17,243.59420289855072,69
Jordan 1 Retro High Turbo Green,2019-02-15,10,400.0,3,269.0,5,0.0,1,226.625,8,207.0,4,211.11111111111111,9,204.23529411764707,17,213.79710144927537,69
Jordan 1 Retro High Turbo Green,2019-02-15,10.5,0.0,1,250.5,4,203.0,1,218.57142857142858,7,193.0,5,193.44444444444446,9,192.35294117647058,17,202.231884057971,69
Jordan 1 Retro High Turbo Green,2019-02-15,11,353.0,4,250.25,4,202.0,1,211.71428571428572,7,189.5,4,189.88888888888889,9,191.05555555555554,18,199.5735294117647,68
Jordan 1 Retro High Turbo Green,2019-02-15,11.5,0.0,1,238.25,4,193.0,1,207.42857142857142,7,184.5,4,185.11111111111111,9,185.33333333333334,18,194.2753623188406,69
Jordan 1 Retro High Turbo Green,2019-02-15,12,0.0,1,240.25,4,195.0,1,204.28571428571428,7,181.75,4,183.55555555555554,9,179.38888888888889,18,188.55072463768116,69
Jordan 1 Retro High Turbo Green,2019-02-15,12.5,0.0,1,259.0,1,0.0,1,223.66666666666666,9,189.25,4,184.22222222222223,9,191.1764705882353,17,198.14285714285714,70
Jordan 1 Retro High Turbo Green,2019-02-15,13,335.0,8,236.25,4,198.0,1,199.14285714285714,7,174.5,4,176.11111111111111,9,176.88235294117646,17,181.81159420289856,69
Jordan 1 Retro High Turbo Green,2019-02-15,14,0.0,1,267.75,4,197.0,1,223.71428571428572,7,178.5,4,174.11111111111111,9,180.66666666666666,18,181.71014492753622,69
Jordan 1 Retro High Turbo Green,2019-02-15,15,0.0,1,287.0,4,0.0,1,216.0,8,172.25,4,179.55555555555554,9,172.1764705882353,17,168.5857142857143,70
Jordan 1 Retro High Turbo Green,2019-02-15,None,0.0,1,230.0,2,230.0,1,212.71428571428572,7,176.0,4,178.11111111111111,9,183.66666666666666,18,187.7246376811594,69
Jordan 1 Retro High Turbo Green,2019-02-15,17,0.0,1,0.0,1,306.0,1,306.0,3,233.0,4,190.6,10,184.0,17,183.98591549295776,71
Jordan 1 Retro High Turbo Green,2019-02-15,18,0.0,1,0.0,1,0.0,1,195.0,2,195.0,4,195.0,9,160.0,18,173.66197183098592,71
Jordan 1 Retro High Zoom Fearless,2019-12-07,4,0,0,0,0,0,0,0,0,0,0,0,0,0,0,0,0
Jordan 1 Retro High Zoom Fearless,2019-12-07,None,0,0,0,0,0,0,0,0,0,0,0,0,0,0,0,0
Jordan 1 Retro High Zoom Fearless,2019-12-07,None,0,0,0,0,0,0,0,0,0,0,0,0,0,0,0,0
Jordan 1 Retro High Zoom Fearless,2019-12-07,None,0,0,0,0,0,0,0,0,0,0,0,0,0,0,0,0
Jordan 1 Retro High Zoom Fearless,2019-12-07,None,0,0,0,0,0,0,0,0,0,0,0,0,0,0,0,0
Jordan 1 Retro High Zoom Fearless,2019-12-07,None,0.0,1,0.0,1,262.0,1,262.0,5,262.0,7,262.0,14,262.0,27,262.0,107
Jordan 1 Retro High Zoom Fearless,2019-12-07,7,0.0,1,0.0,1,265.0,1,278.625,8,243.66666666666666,6,246.86666666666667,15,244.92307692307693,26,255.97196261682242,107
Jordan 1 Retro High Zoom Fearless,2019-12-07,7.5,0.0,1,0.0,1,255.0,1,240.66666666666666,6,253.66666666666666,6,259.06666666666666,15,229.07692307692307,26,245.75,108
Jordan 1 Retro High Zoom Fearless,2019-12-07,8,294.2857142857143,7,232.5,6,0.0,1,206.41666666666666,12,196.5,6,190.07142857142858,14,187.24,25,170.27884615384616,104
Jordan 1 Retro High Zoom Fearless,2019-12-07,8.5,301.6666666666667,12,261.0,6,208.0,1,204.8181818181818,11,191.16666666666666,6,190.92307692307693,13,189.3846153846154,26,176.15686274509804,102
Jordan 1 Retro High Zoom Fearless,2019-12-07,9,268.1666666666667,6,270.8333333333333,6,210.0,1,214.83333333333334,12,189.66666666666666,6,188.92307692307693,13,185.0,26,176.90384615384616,104
Jordan 1 Retro High Zoom Fearless,2019-12-07,9.5,276.7142857142857,7,220.0,6,203.0,1,200.0909090909091,11,178.0,6,179.42857142857142,14,177.4,25,170.1153846153846,104
Jordan 1 Retro High Zoom Fearless,2019-12-07,10,287.14285714285717,7,253.57142857142858,7,0.0,1,187.08333333333334,12,160.33333333333334,6,162.46153846153845,13,161.84615384615384,26,163.95192307692307,104
Jordan 1 Retro High Zoom Fearless,2019-12-07,10.5,284.5833333333333,12,240.83333333333334,6,178.0,1,181.8181818181818,11,153.33333333333334,6,160.84615384615384,13,150.96153846153845,26,148.04901960784315,102
Jordan 1 Retro High Zoom Fearless,2019-12-07,11,259.0833333333333,12,238.83333333333334,6,181.0,1,181.63636363636363,11,152.33333333333334,6,153.46153846153845,13,145.34615384615384,26,141.72549019607843,102
Jordan 1 Retro High Zoom Fearless,2019-12-07,11.5,350.0,4,251.16666666666666,6,189.0,1,182.9090909090909,11,156.0,6,156.5,14,159.30769230769232,26,153.625,104
Jordan 1 Retro High Zoom Fearless,2019-12-07,12,256.15384615384613,13,232.5,6,175.0,1,177.45454545454547,11,155.83333333333334,6,153.71428571428572,14,148.96,25,154.07843137254903,102
Jordan 1 Retro High Zoom Fearless,2019-12-07,12.5,0.0,1,0.0,1,260.0,1,224.16666666666666,6,198.33333333333334,6,200.0,15,191.15384615384616,26,223.10185185185185,108
Jordan 1 Retro High Zoom Fearless,2019-12-07,13,0.0,1,193.0,3,189.0,1,181.91666666666666,12,150.5,6,164.64285714285714,14,159.03846153846155,26,164.29245283018867,106
Jordan 1 Retro High Zoom Fearless,2019-12-07,None,0,0,0,0,0,0,0,0,0,0,0,0,0,0,0,0
Jordan 1 Retro High Zoom Fearless,2019-12-07,14,0.0,1,190.0,2,0.0,1,178.23076923076923,13,141.66666666666666,6,156.35714285714286,14,133.19230769230768,26,157.54716981132074,106
Jordan 1 Retro High Zoom Fearless,2019-12-07,None,0,0,0,0,0,0,0,0,0,0,0,0,0,0,0,0
Jordan 1 Retro High Zoom Fearless,2019-12-07,15,0.0,1,0.0,1,240.0,1,205.0,5,176.0,6,178.8,15,169.40740740740742,27,191.54205607476635,107
Jordan 1 Retro High Zoom Fearless,2019-12-07,None,0.0,1,0.0,1,0.0,1,0.0,1,0.0,1,0.0,1,0.0,1,210.0,66
Jordan 1 Retro High Shadow (2018),2018-04-14,4,0.0,1,0.0,1,0.0,1,0.0,1,0.0,1,0.0,1,0.0,1,220.0909090909091,33
Jordan 1 Retro High Shadow (2018),2018-04-14,4.5,0.0,1,0.0,1,0.0,1,0.0,1,0.0,1,0.0,1,0.0,1,225.82758620689654,29
Jordan 1 Retro High Shadow (2018),2018-04-14,5,0.0,1,0.0,1,0.0,1,0.0,1,0.0,1,0.0,1,0.0,1,207.74193548387098,31
Jordan 1 Retro High Shadow (2018),2018-04-14,5.5,0.0,1,0.0,1,0.0,1,0.0,1,0.0,1,0.0,1,0.0,1,247.8846153846154,26
Jordan 1 Retro High Shadow (2018),2018-04-14,6,0.0,1,0.0,1,0.0,1,0.0,1,0.0,1,0.0,1,0.0,1,225.77777777777777,27
Jordan 1 Retro High Shadow (2018),2018-04-14,6.5,0.0,1,0.0,1,0.0,1,0.0,1,0.0,1,0.0,1,0.0,1,215.30555555555554,36
Jordan 1 Retro High Shadow (2018),2018-04-14,7,0.0,1,0.0,1,0.0,1,232.4,5,209.66666666666666,3,203.14285714285714,7,195.30769230769232,13,226.98039215686273,51
Jordan 1 Retro High Shadow (2018),2018-04-14,7.5,306.0,3,296.6666666666667,3,0.0,1,237.16666666666666,6,204.0,3,194.71428571428572,7,187.91666666666666,12,225.7843137254902,51
Jordan 1 Retro High Shadow (2018),2018-04-14,8,298.0,3,290.0,3,223.0,1,239.2,5,205.66666666666666,3,194.85714285714286,7,185.07692307692307,13,226.16,50
Jordan 1 Retro High Shadow (2018),2018-04-14,8.5,299.6666666666667,3,288.0,3,225.0,1,242.4,5,206.66666666666666,3,197.71428571428572,7,189.84615384615384,13,225.02,50
Jordan 1 Retro High Shadow (2018),2018-04-14,9,300.2,5,294.0,3,0.0,1,235.16666666666666,6,208.33333333333334,3,199.0,6,190.76923076923077,13,220.07843137254903,51
Jordan 1 Retro High Shadow (2018),2018-04-14,9.5,303.0,4,287.3333333333333,3,0.0,1,234.8,5,205.0,3,195.85714285714286,7,184.92307692307693,13,210.2549019607843,51
Jordan 1 Retro High Shadow (2018),2018-04-14,10,296.3333333333333,3,281.6666666666667,3,0.0,1,226.83333333333334,6,197.33333333333334,3,189.16666666666666,6,180.23076923076923,13,194.33333333333334,51
Jordan 1 Retro High Shadow (2018),2018-04-14,10.5,294.6666666666667,3,285.3333333333333,3,220.0,1,234.6,5,191.33333333333334,3,185.14285714285714,7,175.92307692307693,13,187.41176470588235,51
Jordan 1 Retro High Shadow (2018),2018-04-14,11,296.0,4,279.6666666666667,3,0.0,1,220.5,6,189.0,3,183.66666666666666,6,173.15384615384616,13,181.94117647058823,51
Jordan 1 Retro High Shadow (2018),2018-04-14,11.5,290.5,4,280.3333333333333,3,0.0,1,220.83333333333334,6,189.0,2,183.14285714285714,7,173.69230769230768,13,180.9607843137255,51
Jordan 1 Retro High Shadow (2018),2018-04-14,12,295.25,4,279.6666666666667,3,0.0,1,218.16666666666666,6,184.33333333333334,3,178.0,6,172.46153846153845,13,176.23529411764707,51
Jordan 1 Retro High Shadow (2018),2018-04-14,12.5,0.0,1,0.0,1,230.0,1,241.0,5,187.0,3,178.14285714285714,7,175.0,13,185.47058823529412,51
Jordan 1 Retro High Shadow (2018),2018-04-14,13,297.5,4,276.6666666666667,3,0.0,1,215.0,6,181.0,3,171.28571428571428,7,164.0,12,171.7843137254902,51
Jordan 1 Retro High Shadow (2018),2018-04-14,14,262.0,1,268.6666666666667,3,0.0,1,209.83333333333334,6,179.0,3,166.0,6,158.53846153846155,13,167.86274509803923,51
Jordan 1 Retro High Shadow (2018),2018-04-14,15,0.0,1,0.0,1,0.0,1,199.6,5,167.66666666666666,3,169.57142857142858,7,159.3846153846154,13,174.7058823529412,51
Jordan 1 Retro High Shadow (2018),2018-04-14,16,0.0,1,0.0,1,221.0,1,188.5,2,174.0,3,173.85714285714286,7,176.30769230769232,13,161.80769230769232,52
Jordan 1 Retro High Shadow (2018),2018-04-14,17,0.0,1,0.0,1,215.0,1,214.5,2,214.0,3,214.0,7,180.15384615384616,13,170.53846153846155,52
Jordan 1 Retro High Shadow (2018),2018-04-14,18,0.0,1,0.0,1,0.0,1,190.0,1,190.0,3,190.0,7,158.84615384615384,13,158.6153846153846,52
Jordan 1 Retro High Bred Toe,2018-02-24,7,0.0,1,0.0,1,0.0,1,283.8,5,345.3333333333333,3,318.5,6,341.61538461538464,13,419.265306122449,49
Jordan 1 Retro High Bred Toe,2018-02-24,7.5,0.0,1,370.0,3,286.0,1,304.6,5,313.3333333333333,3,318.0,6,370.46153846153845,13,417.18367346938777,49
Jordan 1 Retro High Bred Toe,2018-02-24,8,0.0,1,362.0,3,0.0,1,296.8333333333333,6,316.6666666666667,3,315.5,6,370.25,12,409.40816326530614,49
Jordan 1 Retro High Bred Toe,2018-02-24,8.5,372.6,5,344.0,2,302.0,1,304.0,5,320.3333333333333,3,315.6666666666667,6,363.2307692307692,13,401.25,48
Jordan 1 Retro High Bred Toe,2018-02-24,9,400.0,1,372.3333333333333,3,0.0,1,303.1666666666667,6,314.3333333333333,3,313.3333333333333,6,345.6666666666667,12,381.0612244897959,49
Jordan 1 Retro High Bred Toe,2018-02-24,9.5,401.14285714285717,7,365.5,2,304.0,1,298.0,5,309.6666666666667,3,308.0,6,334.0,12,361.6734693877551,49
Jordan 1 Retro High Bred Toe,2018-02-24,10,440.0,2,369.3333333333333,3,296.0,1,290.0,5,294.0,3,291.1666666666667,6,297.53846153846155,13,312.9375,48
Jordan 1 Retro High Bred Toe,2018-02-24,10.5,389.0,6,354.6666666666667,3,277.0,1,279.0,4,286.0,3,281.7142857142857,7,284.5833333333333,12,286.25,48
Jordan 1 Retro High Bred Toe,2018-02-24,11,427.6666666666667,3,341.0,3,0.0,1,280.8,5,282.6666666666667,3,271.2857142857143,7,273.8333333333333,12,271.9183673469388,49
Jordan 1 Retro High Bred Toe,2018-02-24,11.5,400.0,1,335.6666666666667,3,0.0,1,279.4,5,275.0,3,266.0,7,265.6666666666667,12,261.55102040816325,49
Jordan 1 Retro High Bred Toe,2018-02-24,12,415.0,2,340.3333333333333,3,0.0,1,283.0,6,271.0,3,259.1666666666667,6,258.8333333333333,12,249.20408163265307,49
Jordan 1 Retro High Bred Toe,2018-02-24,12.5,0.0,1,0.0,1,291.0,1,282.0,3,271.3333333333333,3,259.57142857142856,7,262.3333333333333,12,249.8,50
Jordan 1 Retro High Bred Toe,2018-02-24,13,0.0,1,0.0,1,267.0,1,277.6,5,258.6666666666667,3,251.85714285714286,7,244.33333333333334,12,233.6734693877551,49
Jordan 1 Retro High Bred Toe,2018-02-24,14,0.0,1,0.0,1,0.0,1,273.0,6,251.33333333333334,3,231.33333333333334,6,228.0,13,228.0408163265306,49
Jordan 1 Retro High Bred Toe,2018-02-24,15,0.0,1,0.0,1,0.0,1,262.6666666666667,6,224.0,3,224.66666666666666,6,213.84615384615384,13,215.28571428571428,49
Jordan 1 Retro High Bred Toe,2018-02-24,None,0.0,1,0.0,1,279.0,1,230.0,2,236.33333333333334,3,232.42857142857142,7,217.08333333333334,12,212.06,50
Jordan 1 Retro High Bred Toe,2018-02-24,None,0.0,1,0.0,1,0.0,1,0.0,1,211.0,3,208.42857142857142,7,202.0,12,202.0,50
Jordan 1 Retro High Bred Toe,2018-02-24,18,0.0,1,0.0,1,0.0,1,0.0,1,205.0,3,202.42857142857142,7,201.0,12,201.0,50
Jordan 1 Retro High Phantom Gym Red,2019-03-30,None,0.0,1,0.0,1,0.0,1,0.0,1,0.0,1,250.0,1,294.7368421052632,19,300.0,77
Jordan 1 Retro High Phantom Gym Red,2019-03-30,None,0.0,1,0.0,1,0.0,1,0.0,1,0.0,1,230.0,1,229.94736842105263,19,230.0,77
Jordan 1 Retro High Phantom Gym Red,2019-03-30,None,0.0,1,0.0,1,0.0,1,0.0,1,0.0,1,0.0,1,0.0,1,299.90140845070425,71
Jordan 1 Retro High Phantom Gym Red,2019-03-30,None,0.0,1,0.0,1,0.0,1,0.0,1,0.0,1,0.0,1,248.0,4,294.15,80
Jordan 1 Retro High Phantom Gym Red,2019-03-30,None,0.0,1,0.0,1,0.0,1,0.0,1,0.0,1,0.0,1,222.30769230769232,13,238.9102564102564,78
Jordan 1 Retro High Phantom Gym Red,2019-03-30,None,0.0,1,0.0,1,0.0,1,0.0,1,0.0,1,0.0,1,228.63636363636363,11,215.42307692307693,78
Jordan 1 Retro High Phantom Gym Red,2019-03-30,7,337.0,8,243.0,4,0.0,1,249.22222222222223,9,244.25,4,237.44444444444446,9,243.33333333333334,18,288.0416666666667,72
Jordan 1 Retro High Phantom Gym Red,2019-03-30,7.5,301.4,10,240.5,4,211.0,1,223.875,8,215.0,4,213.55555555555554,9,216.88888888888889,18,254.1267605633803,71
Jordan 1 Retro High Phantom Gym Red,2019-03-30,8,299.6923076923077,13,228.5,4,199.0,1,212.85714285714286,7,202.25,4,196.0,10,201.27777777777777,18,235.35211267605635,71
Jordan 1 Retro High Phantom Gym Red,2019-03-30,8.5,294.38461538461536,13,221.0,4,190.0,1,202.5,8,189.5,4,186.11111111111111,9,189.61111111111111,18,223.64788732394365,71
Jordan 1 Retro High Phantom Gym Red,2019-03-30,9,284.7692307692308,13,212.75,4,182.0,1,192.14285714285714,7,178.0,5,177.55555555555554,9,175.61111111111111,18,205.42253521126761,71
Jordan 1 Retro High Phantom Gym Red,2019-03-30,9.5,273.0769230769231,13,206.25,4,0.0,1,183.625,8,170.0,4,167.8,10,168.88235294117646,17,192.49295774647888,71
Jordan 1 Retro High Phantom Gym Red,2019-03-30,10,227.45454545454547,11,194.5,4,0.0,1,164.25,8,145.0,4,147.5,10,143.33333333333334,18,163.61971830985917,71
Jordan 1 Retro High Phantom Gym Red,2019-03-30,10.5,219.5,12,188.75,4,158.0,1,164.0,7,148.0,4,146.7,10,135.0,18,139.04225352112675,71
Jordan 1 Retro High Phantom Gym Red,2019-03-30,11,222.84615384615384,13,182.25,4,0.0,1,159.125,8,143.0,4,142.1,10,136.0,17,129.43661971830986,71
Jordan 1 Retro High Phantom Gym Red,2019-03-30,11.5,219.0,13,177.5,4,0.0,1,160.125,8,147.25,4,140.4,10,134.11764705882354,17,128.46478873239437,71
Jordan 1 Retro High Phantom Gym Red,2019-03-30,12,194.0,10,182.5,4,150.0,1,157.57142857142858,7,141.75,4,140.5,10,128.27777777777777,18,127.6056338028169,71
Jordan 1 Retro High Phantom Gym Red,2019-03-30,12.5,0.0,1,185.25,4,168.0,1,149.0,8,134.0,4,147.5,10,137.94444444444446,18,147.53424657534248,73
Jordan 1 Retro High Phantom Gym Red,2019-03-30,13,192.9,10,177.75,4,155.0,1,159.42857142857142,7,135.0,4,138.9,10,133.5,18,123.94366197183099,71
Jordan 1 Retro High Phantom Gym Red,2019-03-30,None,0.0,1,239.0,2,0.0,1,239.0,9,239.0,4,239.0,10,239.0,18,239.0,73
Jordan 1 Retro High Phantom Gym Red,2019-03-30,14,177.0,6,177.8,5,0.0,1,158.25,8,137.25,4,140.1,10,138.61111111111111,18,122.65277777777777,72
Jordan 1 Retro High Phantom Gym Red,2019-03-30,None,0,0,0,0,0,0,0,0,0,0,0,0,0,0,0,0
Jordan 1 Retro High Phantom Gym Red,2019-03-30,15,243.33333333333334,6,196.8,5,0.0,1,157.875,8,117.75,4,113.0,10,115.38888888888889,18,124.51388888888889,72
Jordan 1 Retro High Phantom Gym Red,2019-03-30,16,0.0,1,0.0,1,0.0,1,121.0,2,144.2,5,165.5,10,186.0,18,136.01333333333332,75
Jordan 1 Retro High Phantom Gym Red,2019-03-30,17,0.0,1,0.0,1,0.0,1,0.0,1,0.0,1,0.0,1,0.0,1,175.0,75
Jordan 1 Retro High Phantom Gym Red,2019-03-30,18,0.0,1,0.0,1,0.0,1,0.0,1,0.0,1,0.0,1,0.0,1,0.0,1
Jordan 1 Retro High Guava Ice,2018-09-01,7,0.0,1,0.0,1,0.0,1,161.5,4,161.0,3,151.625,8,138.8,15,157.66101694915255,59
Jordan 1 Retro High Guava Ice,2018-09-01,7.5,0.0,1,0.0,1,144.0,1,142.4,5,160.66666666666666,3,135.0,8,135.0,14,128.89830508474577,59
Jordan 1 Retro High Guava Ice,2018-09-01,8,0.0,1,0.0,1,0.0,1,135.85714285714286,7,141.0,4,117.42857142857143,7,107.33333333333333,15,104.05172413793103,58
Jordan 1 Retro High Guava Ice,2018-09-01,8.5,0.0,1,115.0,1,0.0,1,134.0,6,127.5,4,105.25,8,120.57142857142857,14,97.7457627118644,59
Jordan 1 Retro High Guava Ice,2018-09-01,9,150.0,1,128.66666666666666,3,0.0,1,123.71428571428571,7,120.0,3,113.5,8,109.8,15,95.24137931034483,58
Jordan 1 Retro High Guava Ice,2018-09-01,9.5,100.0,2,109.33333333333333,3,144.0,1,121.5,6,111.66666666666667,3,107.5,8,96.35714285714286,14,98.39655172413794,58
Jordan 1 Retro High Guava Ice,2018-09-01,10,0.0,1,110.0,3,0.0,1,112.5,6,104.25,4,94.57142857142857,7,97.33333333333333,15,90.67241379310344,58
Jordan 1 Retro High Guava Ice,2018-09-01,10.5,0.0,1,116.0,3,0.0,1,111.16666666666667,6,101.25,4,97.28571428571429,7,87.73333333333333,15,90.29310344827586,58
Jordan 1 Retro High Guava Ice,2018-09-01,11,152.0,2,122.0,3,111.0,1,108.0,6,97.33333333333333,3,94.75,8,94.07142857142857,14,93.91379310344827,58
Jordan 1 Retro High Guava Ice,2018-09-01,11.5,0.0,1,100.0,1,0.0,1,115.85714285714286,7,98.0,3,88.75,8,89.46666666666667,15,97.29310344827586,58
Jordan 1 Retro High Guava Ice,2018-09-01,12,217.5,10,119.0,3,107.0,1,108.0,6,93.33333333333333,3,89.375,8,91.42857142857143,14,90.21052631578948,57
Jordan 1 Retro High Guava Ice,2018-09-01,12.5,0.0,1,0.0,1,0.0,1,0.0,1,0.0,1,0.0,1,0.0,1,89.8135593220339,59
Jordan 1 Retro High Guava Ice,2018-09-01,13,0.0,1,113.0,2,107.0,1,113.16666666666667,6,95.66666666666667,3,93.75,8,89.26666666666667,15,86.43103448275862,58
Jordan 1 Retro High Guava Ice,2018-09-01,14,0.0,1,0.0,1,0.0,1,129.0,7,120.0,3,115.0,8,110.53333333333333,15,105.25862068965517,58
Jordan 1 Retro High Guava Ice,2018-09-01,None,0.0,1,0.0,1,0.0,1,0.0,1,0.0,1,0.0,1,95.4,15,84.88524590163935,61
Jordan 1 Retro High Guava Ice,2018-09-01,None,0.0,1,0.0,1,0.0,1,0.0,1,0.0,1,180.0,5,180.0,15,97.66666666666667,60
Jordan 1 Retro High Guava Ice,2018-09-01,None,0,0,0,0,0,0,0,0,0,0,0,0,0,0,0,0
Jordan 1 Retro High Guava Ice,2018-09-01,None,0.0,1,0.0,1,0.0,1,0.0,1,0.0,1,0.0,1,0.0,1,0.0,1
Jordan 1 Retro High Spider-Man Origin Story,2018-12-14,None,0.0,1,0.0,1,223.0,1,267.6666666666667,3,287.5,4,280.0,8,280.0,17,280.0,65
Jordan 1 Retro High Spider-Man Origin Story,2018-12-14,None,0.0,1,0.0,1,262.0,1,269.6666666666667,3,285.0,4,285.0,9,285.0,16,285.0,66
Jordan 1 Retro High Spider-Man Origin Story,2018-12-14,None,0.0,1,0.0,1,0.0,1,320.0,1,320.0,4,320.0,9,554.875,16,599.0,66
Jordan 1 Retro High Spider-Man Origin Story,2018-12-14,None,0.0,1,0.0,1,0.0,1,272.0,4,287.0,4,287.0,8,360.11764705882354,17,400.0,65
Jordan 1 Retro High Spider-Man Origin Story,2018-12-14,None,0.0,1,0.0,1,240.0,1,240.0,3,240.0,4,240.0,9,240.0,16,240.0,65
Jordan 1 Retro High Spider-Man Origin Story,2018-12-14,None,0.0,1,0.0,1,248.0,1,269.6666666666667,3,274.25,4,290.0,9,365.9375,16,441.2878787878788,66
Jordan 1 Retro High Spider-Man Origin Story,2018-12-14,7,0.0,1,400.0,2,308.0,1,342.8333333333333,6,366.75,4,426.3333333333333,9,442.5625,16,486.81538461538463,65
Jordan 1 Retro High Spider-Man Origin Story,2018-12-14,7.5,0.0,1,0.0,1,357.0,1,334.75,4,386.75,4,466.0,9,461.9375,16,501.7846153846154,65
Jordan 1 Retro High Spider-Man Origin Story,2018-12-14,8,0.0,1,417.0,2,0.0,1,343.0,8,374.6666666666667,3,423.55555555555554,9,429.375,16,450.53846153846155,65
Jordan 1 Retro High Spider-Man Origin Story,2018-12-14,8.5,0.0,1,430.25,4,324.0,1,346.57142857142856,7,374.75,4,426.25,8,430.6875,16,468.4,65
Jordan 1 Retro High Spider-Man Origin Story,2018-12-14,9,0.0,1,406.5,2,316.0,1,352.3333333333333,6,354.5,4,408.6666666666667,9,424.0625,16,459.55384615384617,65
Jordan 1 Retro High Spider-Man Origin Story,2018-12-14,9.5,0.0,1,428.5,2,294.0,1,320.8333333333333,6,328.75,4,383.8888888888889,9,388.75,16,411.4153846153846,65
Jordan 1 Retro High Spider-Man Origin Story,2018-12-14,10,0.0,1,395.5,2,271.0,1,300.8333333333333,6,282.5,4,333.55555555555554,9,335.0625,16,364.6923076923077,65
Jordan 1 Retro High Spider-Man Origin Story,2018-12-14,10.5,0.0,1,357.5,2,259.0,1,292.3333333333333,6,259.5,4,298.3333333333333,9,299.9375,16,334.10769230769233,65
Jordan 1 Retro High Spider-Man Origin Story,2018-12-14,11,0.0,1,393.6666666666667,3,0.0,1,281.0,7,244.0,4,274.6666666666667,9,280.625,16,312.2923076923077,65
Jordan 1 Retro High Spider-Man Origin Story,2018-12-14,11.5,0.0,1,320.0,1,0.0,1,268.25,8,245.66666666666666,3,271.8888888888889,9,280.125,16,311.32307692307694,65
Jordan 1 Retro High Spider-Man Origin Story,2018-12-14,12,0.0,1,370.0,2,0.0,1,273.7142857142857,7,239.0,4,259.8888888888889,9,270.375,16,295.33846153846156,65
Jordan 1 Retro High Spider-Man Origin Story,2018-12-14,12.5,0.0,1,0.0,1,0.0,1,274.75,4,246.0,4,269.22222222222223,9,285.75,16,323.1515151515151,66
Jordan 1 Retro High Spider-Man Origin Story,2018-12-14,13,0.0,1,0.0,1,259.0,1,279.6666666666667,6,245.25,4,255.66666666666666,9,261.875,16,296.2153846153846,65
Jordan 1 Retro High Spider-Man Origin Story,2018-12-14,None,0,0,0,0,0,0,0,0,0,0,0,0,0,0,0,0
Jordan 1 Retro High Spider-Man Origin Story,2018-12-14,14,0.0,1,212.0,2,230.0,1,258.5,6,213.75,4,219.88888888888889,9,220.0,16,237.69230769230768,65
Jordan 1 Retro High Spider-Man Origin Story,2018-12-14,None,0.0,1,0.0,1,300.0,1,300.0,3,300.0,4,300.0,9,300.0,16,300.0,65
Jordan 1 Retro High Spider-Man Origin Story,2018-12-14,15,0.0,1,0.0,1,279.0,1,243.0,3,221.75,4,223.77777777777777,9,230.3125,16,253.07575757575756,66
Jordan 1 Retro High Spider-Man Origin Story,2018-12-14,None,0.0,1,0.0,1,0.0,1,0.0,1,0.0,1,281.0,6,281.0,17,281.0,67
Jordan 1 Retro High Spider-Man Origin Story,2018-12-14,None,0.0,1,0.0,1,0.0,1,0.0,1,0.0,1,0.0,1,0.0,1,0.0,1
Jordan 1 Retro High Spider-Man Origin Story,2018-12-14,18,0,0,0,0,0,0,0,0,0,0,0,0,0,0,0,0
Jordan 1 Retro High 85 Varsity Red,2020-02-08,None,0,0,0,0,0,0,0,0,0,0,0,0,0,0,0,0
Jordan 1 Retro High 85 Varsity Red,2020-02-08,4.5,0,0,0,0,0,0,0,0,0,0,0,0,0,0,0,0
Jordan 1 Retro High 85 Varsity Red,2020-02-08,None,0,0,0,0,0,0,0,0,0,0,0,0,0,0,0,0
Jordan 1 Retro High 85 Varsity Red,2020-02-08,None,0,0,0,0,0,0,0,0,0,0,0,0,0,0,0,0
Jordan 1 Retro High 85 Varsity Red,2020-02-08,None,0,0,0,0,0,0,0,0,0,0,0,0,0,0,0,0
Jordan 1 Retro High 85 Varsity Red,2020-02-08,None,0,0,0,0,0,0,0,0,0,0,0,0,0,0,0,0
Jordan 1 Retro High 85 Varsity Red,2020-02-08,7,0.0,1,0.0,1,890.0,1,1061.4285714285713,7,1102.5714285714287,7,996.6875,16,828.6666666666666,30,1001.5371900826447,121
Jordan 1 Retro High 85 Varsity Red,2020-02-08,7.5,0.0,1,0.0,1,1201.0,1,1077.375,8,1060.5714285714287,7,1019.1875,16,839.0666666666667,30,758.4380165289256,121
Jordan 1 Retro High 85 Varsity Red,2020-02-08,8,0.0,1,0.0,1,1038.0,1,929.125,8,926.5714285714286,7,792.3125,16,631.9677419354839,31,710.9,120
Jordan 1 Retro High 85 Varsity Red,2020-02-08,8.5,0.0,1,0.0,1,1023.0,1,935.7,10,906.8571428571429,7,785.25,16,657.9,30,717.3471074380166,121
Jordan 1 Retro High 85 Varsity Red,2020-02-08,9,0.0,1,800.0,3,1023.0,1,895.5384615384615,13,924.8571428571429,7,798.375,16,672.0666666666667,30,731.4406779661017,118
Jordan 1 Retro High 85 Varsity Red,2020-02-08,9.5,0.0,1,815.0,1,971.0,1,896.6923076923077,13,841.5714285714286,7,739.625,16,621.4333333333333,30,681.3949579831933,119
Jordan 1 Retro High 85 Varsity Red,2020-02-08,10,785.0,5,793.3333333333334,6,901.0,1,810.3846153846154,13,767.5714285714286,7,676.4,15,578.7666666666667,30,666.957264957265,117
Jordan 1 Retro High 85 Varsity Red,2020-02-08,10.5,0.0,1,0.0,1,842.0,1,756.7272727272727,11,677.7142857142857,7,641.9375,16,542.4666666666667,30,637.1833333333333,120
Jordan 1 Retro High 85 Varsity Red,2020-02-08,11,785.0,5,785.0,7,798.0,1,732.1538461538462,13,658.7142857142857,7,594.2,15,512.1724137931035,29,626.6153846153846,117
Jordan 1 Retro High 85 Varsity Red,2020-02-08,11.5,750.0,2,750.0,6,791.0,1,716.9230769230769,13,640.4285714285714,7,598.875,16,516.1034482758621,29,622.0254237288135,118
Jordan 1 Retro High 85 Varsity Red,2020-02-08,12,0.0,1,0.0,1,755.0,1,707.6363636363636,11,624.2857142857143,7,582.5,16,508.06666666666666,30,601.5916666666667,120
Jordan 1 Retro High 85 Varsity Red,2020-02-08,12.5,0.0,1,0.0,1,800.0,1,799.0,6,1314.0,7,918.0,16,913.6451612903226,31,783.0,121
Jordan 1 Retro High 85 Varsity Red,2020-02-08,13,0.0,1,0.0,1,721.0,1,656.3333333333334,9,586.4285714285714,7,576.375,16,504.8333333333333,30,635.6363636363636,121
Jordan 1 Retro High 85 Varsity Red,2020-02-08,None,0,0,0,0,0,0,0,0,0,0,0,0,0,0,0,0
Jordan 1 Retro High 85 Varsity Red,2020-02-08,14,0.0,1,0.0,1,631.0,1,598.3333333333334,6,571.8571428571429,7,541.1176470588235,17,466.8333333333333,30,578.4132231404959,121
Jordan 1 Retro High 85 Varsity Red,2020-02-08,None,0,0,0,0,0,0,0,0,0,0,0,0,0,0,0,0
Jordan 1 Retro High 85 Varsity Red,2020-02-08,15,0.0,1,0.0,1,0.0,1,1186.3333333333333,3,1123.75,8,895.625,16,800.0,30,792.9268292682926,123
Jordan 1 Retro High 85 Varsity Red,2020-02-08,None,0.0,1,0.0,1,0.0,1,0.0,1,0.0,1,0.0,1,0.0,1,0.0,1
Jordan 1 Retro High Pine Green,2018-09-22,7,0.0,1,0.0,1,388.0,1,412.4,5,422.6666666666667,3,431.875,8,386.3333333333333,15,409.06666666666666,60
Jordan 1 Retro High Pine Green,2018-09-22,7.5,0.0,1,0.0,1,0.0,1,399.2,5,437.5,4,445.875,8,409.8666666666667,15,431.5,60
Jordan 1 Retro High Pine Green,2018-09-22,8,0.0,1,0.0,1,0.0,1,336.6666666666667,6,372.25,4,355.75,8,343.0,15,331.22033898305085,59
Jordan 1 Retro High Pine Green,2018-09-22,8.5,351.0,3,365.5,4,327.0,1,337.0,6,372.6666666666667,3,355.0,8,340.4,15,326.9655172413793,58
Jordan 1 Retro High Pine Green,2018-09-22,9,0.0,1,437.0,1,0.0,1,338.57142857142856,7,354.0,4,346.7142857142857,7,331.4,15,324.21666666666664,60
Jordan 1 Retro High Pine Green,2018-09-22,9.5,0.0,1,331.0,2,293.0,1,314.6666666666667,6,323.6666666666667,3,318.5,8,300.26666666666665,15,285.0,59
Jordan 1 Retro High Pine Green,2018-09-22,10,0.0,1,300.0,2,244.0,1,272.6666666666667,6,263.6666666666667,3,265.0,8,239.46666666666667,15,236.3728813559322,59
Jordan 1 Retro High Pine Green,2018-09-22,10.5,0.0,1,350.0,1,0.0,1,259.42857142857144,7,229.25,4,220.42857142857142,7,206.73333333333332,15,211.9,60
Jordan 1 Retro High Pine Green,2018-09-22,11,315.0,1,293.3333333333333,3,0.0,1,242.85714285714286,7,207.5,4,203.625,8,192.78571428571428,14,200.0,60
Jordan 1 Retro High Pine Green,2018-09-22,11.5,0.0,1,375.0,2,0.0,1,261.42857142857144,7,201.75,4,198.85714285714286,7,191.86666666666667,15,205.83333333333334,60
Jordan 1 Retro High Pine Green,2018-09-22,12,0.0,1,355.0,1,208.0,1,237.33333333333334,6,194.33333333333334,3,191.5,8,184.46666666666667,15,195.03389830508473,59
Jordan 1 Retro High Pine Green,2018-09-22,12.5,0.0,1,0.0,1,0.0,1,311.0,2,299.0,4,249.125,8,236.93333333333334,15,266.71666666666664,60
Jordan 1 Retro High Pine Green,2018-09-22,13,0.0,1,0.0,1,0.0,1,209.6,5,193.0,4,186.75,8,183.06666666666666,15,193.23333333333332,60
Jordan 1 Retro High Pine Green,2018-09-22,14,0.0,1,0.0,1,194.0,1,189.0,4,180.0,3,171.75,8,168.26666666666668,15,173.08333333333334,60
Jordan 1 Retro High Pine Green,2018-09-22,15,0.0,1,0.0,1,0.0,1,268.25,4,218.0,4,232.75,8,213.4,15,224.46666666666667,60
Jordan 1 Retro High Pine Green,2018-09-22,None,0.0,1,0.0,1,0.0,1,0.0,1,275.0,2,275.0,8,275.0,15,275.0,61
Jordan 1 Retro High NRG Patent Gold Toe,2018-02-10,4,0.0,1,0.0,1,0.0,1,220.5,2,195.0,3,183.42857142857142,7,182.41666666666666,12,196.89795918367346,49
Jordan 1 Retro High NRG Patent Gold Toe,2018-02-10,4.5,0.0,1,0.0,1,0.0,1,219.0,1,199.33333333333334,3,188.42857142857142,7,193.41666666666666,12,219.85714285714286,49
Jordan 1 Retro High NRG Patent Gold Toe,2018-02-10,5,0.0,1,0.0,1,0.0,1,224.0,2,220.33333333333334,3,211.14285714285714,7,220.33333333333334,12,237.6734693877551,49
Jordan 1 Retro High NRG Patent Gold Toe,2018-02-10,5.5,0.0,1,0.0,1,0.0,1,238.5,2,224.0,3,231.42857142857142,7,238.33333333333334,12,237.18367346938774,49
Jordan 1 Retro High NRG Patent Gold Toe,2018-02-10,6,0.0,1,0.0,1,247.0,1,241.5,2,243.33333333333334,3,252.33333333333334,6,245.30769230769232,13,249.10204081632654,49
Jordan 1 Retro High NRG Patent Gold Toe,2018-02-10,6.5,0.0,1,0.0,1,0.0,1,253.0,3,267.0,3,267.8333333333333,6,260.8333333333333,12,248.69387755102042,49
Jordan 1 Retro High NRG Patent Gold Toe,2018-02-10,7,0.0,1,0.0,1,0.0,1,279.5,2,288.0,3,286.42857142857144,7,275.4166666666667,12,269.2040816326531,49
Jordan 1 Retro High NRG Patent Gold Toe,2018-02-10,7.5,0.0,1,0.0,1,315.0,1,273.0,2,279.3333333333333,3,278.0,6,278.0,13,270.2040816326531,49
Jordan 1 Retro High NRG Patent Gold Toe,2018-02-10,8,0.0,1,0.0,1,289.0,1,274.0,2,266.6666666666667,3,278.3333333333333,6,272.38461538461536,13,262.59183673469386,49
Jordan 1 Retro High NRG Patent Gold Toe,2018-02-10,8.5,0.0,1,0.0,1,327.0,1,311.3333333333333,3,274.3333333333333,3,280.57142857142856,7,273.8333333333333,12,268.734693877551,49
Jordan 1 Retro High NRG Patent Gold Toe,2018-02-10,9,0.0,1,0.0,1,0.0,1,300.3333333333333,3,282.0,3,285.14285714285717,7,276.0833333333333,12,272.6326530612245,49
Jordan 1 Retro High NRG Patent Gold Toe,2018-02-10,9.5,0.0,1,0.0,1,0.0,1,295.3333333333333,3,267.0,3,266.57142857142856,7,261.6666666666667,12,253.08163265306123,49
Jordan 1 Retro High NRG Patent Gold Toe,2018-02-10,10,0.0,1,0.0,1,0.0,1,283.5,4,249.33333333333334,3,251.33333333333334,6,244.0,12,229.0,49
Jordan 1 Retro High NRG Patent Gold Toe,2018-02-10,10.5,0.0,1,0.0,1,295.0,1,291.3333333333333,3,243.33333333333334,3,239.5,6,229.92307692307693,13,213.16326530612244,49
Jordan 1 Retro High NRG Patent Gold Toe,2018-02-10,11,0.0,1,0.0,1,0.0,1,282.5,4,238.0,3,235.0,6,224.15384615384616,13,206.81632653061226,49
Jordan 1 Retro High NRG Patent Gold Toe,2018-02-10,11.5,0.0,1,0.0,1,316.0,1,298.0,3,249.66666666666666,3,249.28571428571428,7,237.75,12,214.6326530612245,49
Jordan 1 Retro High NRG Patent Gold Toe,2018-02-10,12,0.0,1,0.0,1,0.0,1,283.25,4,244.33333333333334,3,238.83333333333334,6,230.5,12,216.6326530612245,49
Jordan 1 Retro High NRG Patent Gold Toe,2018-02-10,12.5,0.0,1,0.0,1,0.0,1,342.5,2,340.0,3,297.5,6,296.15384615384613,13,317.7551020408163,49
Jordan 1 Retro High NRG Patent Gold Toe,2018-02-10,13,0.0,1,400.0,1,0.0,1,327.3333333333333,6,256.0,2,254.14285714285714,7,246.25,12,228.79591836734693,49
Jordan 1 Retro High NRG Patent Gold Toe,2018-02-10,None,0,0,0,0,0,0,0,0,0,0,0,0,0,0,0,0
Jordan 1 Retro High NRG Patent Gold Toe,2018-02-10,14,0.0,1,0.0,1,317.0,1,263.5,2,237.66666666666666,3,233.16666666666666,6,220.15384615384616,13,209.0,49
Jordan 1 Retro High NRG Patent Gold Toe,2018-02-10,15,0.0,1,0.0,1,0.0,1,0.0,1,0.0,1,505.0,4,505.0,12,492.22,50
Jordan 1 Retro High NRG Patent Gold Toe,2018-02-10,None,0.0,1,0.0,1,0.0,1,320.0,2,320.0,3,320.0,6,320.0,13,316.9387755102041,49
Jordan 1 Retro High NRG Patent Gold Toe,2018-02-10,None,0.0,1,0.0,1,0.0,1,0.0,1,550.0,3,550.0,7,550.0,12,550.0,49
Jordan 1 Retro High NRG Patent Gold Toe,2018-02-10,18,0.0,1,0.0,1,0.0,1,310.0,1,310.0,3,310.0,6,310.0,13,310.0,49
